input_min: [0.0030834986940074804 0.011037221290141064 0.006335799081779614]
input_max: [0.9890636234503387 0.9902744263030846 0.9915504624144633]
output_min: [0.0012808305176114088 0.03093672333461961 0.010088343371947528 0.018293343179456634 0.018118216932094144 0.003327897599075036 0.014160181302799946 0.013230925373034275 0.002370498896654638 0.005197589450924078]
output_max: [0.9947117921110277 0.9927316967823484 0.9896997170622424 0.9941241158022008 0.9827799055790358 0.997955395583848 0.9999798651098175 0.9670667324776262 0.9886315578315986 0.9866110106205797]
